datetime: 2021-05-19 05:39:12      Hm0: 0.61
  frequency  spec_freq     period  spec_period
     0.020  0.67047691     50.000  0.00026819
     0.025  0.59642088     40.000  0.00037276
     0.030  0.52680409     33.333  0.00047412
     0.035  0.46040580     28.571  0.00056400
     0.040  0.39661369     25.000  0.00063458
     0.045  0.33232051     22.222  0.00067295
     0.050  0.27300292     20.000  0.00068251
     0.055  0.19647175     18.182  0.00059433
     0.060  0.14320782     16.667  0.00051555
     0.065  0.09405509     15.385  0.00039738
     0.070  0.04604715     14.286  0.00022563
     0.075  0.03904289     13.333  0.00021962
     0.080  0.03808691     12.500  0.00024376
     0.085  0.04126186     11.765  0.00029812
     0.090  0.06060144     11.111  0.00049087
     0.095  0.07932238     10.526  0.00071588
     0.100  0.08120734     10.000  0.00081207
     0.105  0.08491216      9.524  0.00093616
     0.110  0.08515666      9.091  0.00103040
     0.115  0.09233899      8.696  0.00122118
     0.120  0.09448794      8.333  0.00136063
     0.125  0.10096909      8.000  0.00157764
     0.130  0.10376994      7.692  0.00175371
     0.135  0.10801647      7.407  0.00196860
     0.140  0.11118829      7.143  0.00217929
     0.145  0.11093530      6.897  0.00233241
     0.150  0.11623982      6.667  0.00261540
     0.155  0.12077181      6.452  0.00290154
     0.160  0.11879437      6.250  0.00304114
     0.165  0.12431572      6.061  0.00338450
     0.170  0.12461624      5.882  0.00360141
     0.175  0.12284767      5.714  0.00376221
     0.180  0.12321085      5.556  0.00399203
     0.185  0.12354208      5.405  0.00422823
     0.190  0.11794899      5.263  0.00425796
     0.195  0.11846633      5.128  0.00450468
     0.200  0.11959025      5.000  0.00478361
     0.205  0.12199536      4.878  0.00512685
     0.210  0.11871608      4.762  0.00523538
     0.215  0.10477662      4.651  0.00484330
     0.220  0.08765111      4.545  0.00424231
     0.225  0.08754876      4.444  0.00443216
     0.230  0.08413591      4.348  0.00445079
     0.235  0.08355889      4.255  0.00461454
     0.240  0.08476713      4.167  0.00488259
     0.245  0.08419944      4.082  0.00505407
     0.250  0.07231010      4.000  0.00451938
